2.2573657035827637
2.4309909343719482
2.334958076477051
2.360811710357666
2.275141477584839
2.1429779529571533
2.258315324783325
2.2228665351867676
2.22705340385437
2.314816951751709
2.1649463176727295
2.09370493888855
2.096451997756958
2.202547550201416
2.341709613800049
2.056241750717163
2.0301671028137207
2.104973077774048
2.0845563411712646
1.9500919580459595
2.2689943313598633
1.994223952293396
1.984025239944458
1.956473708152771
1.9229366779327393
2.0586867332458496
2.1101062297821045
2.248540163040161
1.864384412765503
1.7354816198349
1.6353288888931274
1.5978714227676392
1.8655707836151123
1.837937593460083
2.1124773025512695
2.2352983951568604
1.751487135887146
1.6542003154754639
1.7063758373260498
1.5825557708740234
1.4408727884292603
2.0028014183044434
1.87917959690094
1.4788262844085693
1.6812076568603516
1.7575957775115967
1.5853991508483887
1.5383933782577515
1.6514816284179688
1.6256334781646729