0.10000000149011612
0.07500000298023224
0.125
0.15000000596046448
0.05263157933950424
0.07500000298023224
0.07500000298023224
0.22500000894069672
0.15000000596046448
0.15789473056793213
0.10000000149011612
0.2750000059604645
0.125
0.22500000894069672
0.05263157933950424
0.07500000298023224
0.07500000298023224
0.07500000298023224
0.20000000298023224
0.15789473056793213
0.17499999701976776
0.125
0.20000000298023224
0.125
0.2631579041481018
0.15000000596046448
0.22500000894069672
0.17499999701976776
0.125
0.15789473056793213
0.125
0.22500000894069672
